0 0 5 40.444225
1 0 2 10.284244
2 0 1 5.394655
3 118 121 10.404842
4 118 119 7.169434
5 118 120 7.169434
6 236 237 2.757324
7 236 239 4.156042
8 236 238 3.924126
9 354 356 22.312954
10 354 355 18.284740
11 354 357 29.167412
12 472 479 41.209705
13 472 473 5.470703
14 472 475 20.807907
15 590 591 1.681666
16 590 596 11.623416
17 590 598 12.331996
18 708 709 3.557746
19 708 714 12.489118
20 708 710 3.875177
21 826 827 2.845864
22 826 829 7.848447
23 826 835 14.676193
24 944 953 10.955639
25 944 946 3.690659
26 944 945 3.025976
27 1062 1064 4.346311
28 1062 1063 4.155990
29 1062 1070 19.712446
30 1063 1066 7.509731
31 1066 1068 2.383826
32 1066 1072 9.164794
33 1066 1097 27.214722
34 723 725 4.183266
35 714 723 7.719613
36 723 724 3.241517
37 715 723 7.471578
38 723 743 10.682136
39 1180 1184 8.774674
40 1180 1181 3.942832
41 1180 1185 9.296522
42 1180 1182 4.832652
43 1298 1299 4.155990
44 1372 1385 3.267583
45 1344 1372 9.952278
46 1361 1372 4.219691
47 1416 1417 5.363073
48 1534 1542 15.507848
49 1534 1536 6.655565